72057594037927935.0
72057594037927935.0
72057594037927935.0
72057594037927935.0
72057594037927935.0
72057594037927935.0
72057594037927935.0
72057594037927935.0
72057594037927935.0
72057594037927935.0
72057594037927935.0
72057594037927935.0
72057594037927935.0
72057594037927935.0
72057594037927935.0
72057594037927935.0
72057594037927935.0
72057594037927935.0
72057594037927935.0
72057594037927935.0
72057594037927935.0
72057594037927935.0
72057594037927935.0
72057594037927935.0
72057594037927935.0
72057594037927935.0
72057594037927935.0
72057594037927935.0
72057594037927935.0
72057594037927935.0
72057594037927935.0
72057594037927935.0
72057594037927935.0
72057594037927935.0
72057594037927935.0
72057594037927935.0
72057594037927935.0
72057594037927935.0
72057594037927935.0
72057594037927935.0
72057594037927935.0
72057594037927935.0
72057594037927935.0
72057594037927935.0
72057594037927935.0
72057594037927935.0
72057594037927935.0
72057594037927935.0
72057594037927935.0
72057594037927935.0
72057594037927935.0
72057594037927935.0
72057594037927935.0
72057594037927935.0
72057594037927935.0
72057594037927935.0
72057594037927935.0
72057594037927935.0
72057594037927935.0
72057594037927935.0
72057594037927935.0
72057594037927935.0
72057594037927935.0
72057594037927935.0
72057594037927935.0
72057594037927935.0
72057594037927935.0
72057594037927935.0
72057594037927935.0
72057594037927935.0
72057594037927935.0
72057594037927935.0
72057594037927935.0
72057594037927935.0
72057594037927935.0
72057594037927935.0
72057594037927935.0
72057594037927935.0
72057594037927935.0
72057594037927935.0
72057594037927935.0
72057594037927935.0
72057594037927935.0
72057594037927935.0
72057594037927935.0
72057594037927935.0
72057594037927935.0
72057594037927935.0
72057594037927935.0
72057594037927935.0
72057594037927935.0
72057594037927935.0
72057594037927935.0
72057594037927935.0
72057594037927935.0
72057594037927935.0
72057594037927935.0
72057594037927935.0
72057594037927935.0
72057594037927935.0
72057594037927935.0
72057594037927935.0
72057594037927935.0
72057594037927935.0
72057594037927935.0
72057594037927935.0
72057594037927935.0
72057594037927935.0
72057594037927935.0
72057594037927935.0
72057594037927935.0
72057594037927935.0
72057594037927935.0
72057594037927935.0
72057594037927935.0
72057594037927935.0
72057594037927935.0
72057594037927935.0
72057594037927935.0
72057594037927935.0
72057594037927935.0
72057594037927935.0
72057594037927935.0
72057594037927935.0
72057594037927935.0
72057594037927935.0
72057594037927935.0
72057594037927935.0
72057594037927935.0
72057594037927935.0
72057594037927935.0
72057594037927935.0
72057594037927935.0
72057594037927935.0
72057594037927935.0
72057594037927935.0
72057594037927935.0
72057594037927935.0
72057594037927935.0
72057594037927935.0
72057594037927935.0
72057594037927935.0
72057594037927935.0
72057594037927935.0
72057594037927935.0
72057594037927935.0
72057594037927935.0
72057594037927935.0
72057594037927935.0
72057594037927935.0
72057594037927935.0
72057594037927935.0
72057594037927935.0
72057594037927935.0
72057594037927935.0
72057594037927935.0
72057594037927935.0
72057594037927935.0
72057594037927935.0
72057594037927935.0
72057594037927935.0
72057594037927935.0
72057594037927935.0
72057594037927935.0
72057594037927935.0
72057594037927935.0
72057594037927935.0
72057594037927935.0
72057594037927935.0
72057594037927935.0
72057594037927935.0
72057594037927935.0
72057594037927935.0
72057594037927935.0
72057594037927935.0
72057594037927935.0
72057594037927935.0
72057594037927935.0
72057594037927935.0
72057594037927935.0
72057594037927935.0
72057594037927935.0
72057594037927935.0
72057594037927935.0
72057594037927935.0
72057594037927935.0
72057594037927935.0
72057594037927935.0
72057594037927935.0
72057594037927935.0
72057594037927935.0
72057594037927935.0
72057594037927935.0
72057594037927935.0
72057594037927935.0
72057594037927935.0
72057594037927935.0
72057594037927935.0
72057594037927935.0
72057594037927935.0
72057594037927935.0
72057594037927935.0
72057594037927935.0
72057594037927935.0
72057594037927935.0
72057594037927935.0
72057594037927935.0
72057594037927935.0
72057594037927935.0
72057594037927935.0
72057594037927935.0
72057594037927935.0
72057594037927935.0
72057594037927935.0
72057594037927935.0
72057594037927935.0
72057594037927935.0
72057594037927935.0
72057594037927935.0
72057594037927935.0
72057594037927935.0
72057594037927935.0
72057594037927935.0
72057594037927935.0
72057594037927935.0
72057594037927935.0
72057594037927935.0
72057594037927935.0
72057594037927935.0
72057594037927935.0
72057594037927935.0
72057594037927935.0
72057594037927935.0
72057594037927935.0
72057594037927935.0
72057594037927935.0
72057594037927935.0
72057594037927935.0
72057594037927935.0
72057594037927935.0
72057594037927935.0
72057594037927935.0
72057594037927935.0
72057594037927935.0
72057594037927935.0
72057594037927935.0
72057594037927935.0
72057594037927935.0
72057594037927935.0
72057594037927935.0
72057594037927935.0
72057594037927935.0
72057594037927935.0
72057594037927935.0
72057594037927935.0
72057594037927935.0
72057594037927935.0
72057594037927935.0
72057594037927935.0
72057594037927935.0
72057594037927935.0
72057594037927935.0
72057594037927935.0
72057594037927935.0
72057594037927935.0
72057594037927935.0
72057594037927935.0
72057594037927935.0
72057594037927935.0
72057594037927935.0
72057594037927935.0
72057594037927935.0
72057594037927935.0
72057594037927935.0
72057594037927935.0
72057594037927935.0
72057594037927935.0
72057594037927935.0
72057594037927935.0
72057594037927935.0
72057594037927935.0
72057594037927935.0
72057594037927935.0
72057594037927935.0
72057594037927935.0
72057594037927935.0
72057594037927935.0
72057594037927935.0
72057594037927935.0
72057594037927935.0
72057594037927935.0
72057594037927935.0
72057594037927935.0
72057594037927935.0
72057594037927935.0
72057594037927935.0
72057594037927935.0
72057594037927935.0
72057594037927935.0
72057594037927935.0
72057594037927935.0
72057594037927935.0
72057594037927935.0
72057594037927935.0
72057594037927935.0
72057594037927935.0
72057594037927935.0
72057594037927935.0
72057594037927935.0
72057594037927935.0
72057594037927935.0
72057594037927935.0
72057594037927935.0
72057594037927935.0
72057594037927935.0
72057594037927935.0
72057594037927935.0
72057594037927935.0
72057594037927935.0
72057594037927935.0
72057594037927935.0
72057594037927935.0
72057594037927935.0
72057594037927935.0
72057594037927935.0
72057594037927935.0
72057594037927935.0
72057594037927935.0
72057594037927935.0
72057594037927935.0
72057594037927935.0
72057594037927935.0
72057594037927935.0
72057594037927935.0
72057594037927935.0
72057594037927935.0
72057594037927935.0
72057594037927935.0
72057594037927935.0
72057594037927935.0
72057594037927935.0
72057594037927935.0
72057594037927935.0
72057594037927935.0
72057594037927935.0
72057594037927935.0
72057594037927935.0
72057594037927935.0
72057594037927935.0
72057594037927935.0
72057594037927935.0
72057594037927935.0
72057594037927935.0
72057594037927935.0
72057594037927935.0
72057594037927935.0
72057594037927935.0
72057594037927935.0
72057594037927935.0
72057594037927935.0
72057594037927935.0
72057594037927935.0
72057594037927935.0
72057594037927935.0
72057594037927935.0
72057594037927935.0
72057594037927935.0
72057594037927935.0
72057594037927935.0
72057594037927935.0
72057594037927935.0
72057594037927935.0
72057594037927935.0
72057594037927935.0
72057594037927935.0
72057594037927935.0
72057594037927935.0
72057594037927935.0
72057594037927935.0
72057594037927935.0
72057594037927935.0
72057594037927935.0
72057594037927935.0
72057594037927935.0
72057594037927935.0
72057594037927935.0
72057594037927935.0
72057594037927935.0
72057594037927935.0
72057594037927935.0
72057594037927935.0
72057594037927935.0
72057594037927935.0
72057594037927935.0
72057594037927935.0
72057594037927935.0
72057594037927935.0
72057594037927935.0
72057594037927935.0
72057594037927935.0
72057594037927935.0
72057594037927935.0
72057594037927935.0
72057594037927935.0
72057594037927935.0
72057594037927935.0
72057594037927935.0
72057594037927935.0
72057594037927935.0
72057594037927935.0
72057594037927935.0
72057594037927935.0
72057594037927935.0
72057594037927935.0
72057594037927935.0
72057594037927935.0
72057594037927935.0
72057594037927935.0
72057594037927935.0
72057594037927935.0
72057594037927935.0
72057594037927935.0
72057594037927935.0
72057594037927935.0
72057594037927935.0
72057594037927935.0
72057594037927935.0
72057594037927935.0
72057594037927935.0
72057594037927935.0
72057594037927935.0
72057594037927935.0
72057594037927935.0
72057594037927935.0
72057594037927935.0
72057594037927935.0
72057594037927935.0
72057594037927935.0
72057594037927935.0
72057594037927935.0
72057594037927935.0
72057594037927935.0
72057594037927935.0
72057594037927935.0
72057594037927935.0
72057594037927935.0
72057594037927935.0
72057594037927935.0
72057594037927935.0
72057594037927935.0
72057594037927935.0
72057594037927935.0
72057594037927935.0
72057594037927935.0
72057594037927935.0
72057594037927935.0
72057594037927935.0
72057594037927935.0
72057594037927935.0
72057594037927935.0
72057594037927935.0
72057594037927935.0
72057594037927935.0
72057594037927935.0
72057594037927935.0
72057594037927935.0
72057594037927935.0
72057594037927935.0
72057594037927935.0
72057594037927935.0
72057594037927935.0
72057594037927935.0
72057594037927935.0
72057594037927935.0
72057594037927935.0
72057594037927935.0
72057594037927935.0
72057594037927935.0
72057594037927935.0
72057594037927935.0
72057594037927935.0
72057594037927935.0
72057594037927935.0
72057594037927935.0
72057594037927935.0
72057594037927935.0
72057594037927935.0
72057594037927935.0
72057594037927935.0
72057594037927935.0
72057594037927935.0
72057594037927935.0
72057594037927935.0
72057594037927935.0
72057594037927935.0
72057594037927935.0
72057594037927935.0
72057594037927935.0
72057594037927935.0
72057594037927935.0
72057594037927935.0
72057594037927935.0
72057594037927935.0
72057594037927935.0
72057594037927935.0
72057594037927935.0
72057594037927935.0
72057594037927935.0
72057594037927935.0
72057594037927935.0
72057594037927935.0
72057594037927935.0
72057594037927935.0
72057594037927935.0
72057594037927935.0
72057594037927935.0
72057594037927935.0
72057594037927935.0
72057594037927935.0
72057594037927935.0
72057594037927935.0
72057594037927935.0
72057594037927935.0
72057594037927935.0
72057594037927935.0
72057594037927935.0
72057594037927935.0
72057594037927935.0
72057594037927935.0
72057594037927935.0
72057594037927935.0
72057594037927935.0
72057594037927935.0
72057594037927935.0
72057594037927935.0
72057594037927935.0
72057594037927935.0
72057594037927935.0
72057594037927935.0
72057594037927935.0
72057594037927935.0
72057594037927935.0
72057594037927935.0
72057594037927935.0
72057594037927935.0
72057594037927935.0
72057594037927935.0
72057594037927935.0
72057594037927935.0
72057594037927935.0
72057594037927935.0
72057594037927935.0
72057594037927935.0
72057594037927935.0
72057594037927935.0
72057594037927935.0
72057594037927935.0
72057594037927935.0
72057594037927935.0
72057594037927935.0
72057594037927935.0
72057594037927935.0
72057594037927935.0
72057594037927935.0
72057594037927935.0
72057594037927935.0
72057594037927935.0
72057594037927935.0
72057594037927935.0
72057594037927935.0
72057594037927935.0
72057594037927935.0
72057594037927935.0
72057594037927935.0
72057594037927935.0
72057594037927935.0
72057594037927935.0
72057594037927935.0
72057594037927935.0
72057594037927935.0
72057594037927935.0
72057594037927935.0
72057594037927935.0
72057594037927935.0
72057594037927935.0
72057594037927935.0
72057594037927935.0
72057594037927935.0
72057594037927935.0
72057594037927935.0
72057594037927935.0
72057594037927935.0
72057594037927935.0
72057594037927935.0
72057594037927935.0
72057594037927935.0
72057594037927935.0
72057594037927935.0
72057594037927935.0
72057594037927935.0
72057594037927935.0
72057594037927935.0
72057594037927935.0
72057594037927935.0
72057594037927935.0
72057594037927935.0
72057594037927935.0
72057594037927935.0
72057594037927935.0
72057594037927935.0
72057594037927935.0
72057594037927935.0
72057594037927935.0
72057594037927935.0
72057594037927935.0
72057594037927935.0
72057594037927935.0
72057594037927935.0
72057594037927935.0
72057594037927935.0
72057594037927935.0
72057594037927935.0
72057594037927935.0
72057594037927935.0
72057594037927935.0
72057594037927935.0
72057594037927935.0
72057594037927935.0
72057594037927935.0
72057594037927935.0
72057594037927935.0
72057594037927935.0
72057594037927935.0
72057594037927935.0
72057594037927935.0
72057594037927935.0
72057594037927935.0
72057594037927935.0
72057594037927935.0
72057594037927935.0
72057594037927935.0
72057594037927935.0
72057594037927935.0
72057594037927935.0
72057594037927935.0
72057594037927935.0
72057594037927935.0
72057594037927935.0
72057594037927935.0
72057594037927935.0
72057594037927935.0
72057594037927935.0
72057594037927935.0
72057594037927935.0
72057594037927935.0
72057594037927935.0
72057594037927935.0
72057594037927935.0
72057594037927935.0
72057594037927935.0
72057594037927935.0
72057594037927935.0
72057594037927935.0
72057594037927935.0
72057594037927935.0
72057594037927935.0
72057594037927935.0
72057594037927935.0
72057594037927935.0
72057594037927935.0
72057594037927935.0
72057594037927935.0
72057594037927935.0
72057594037927935.0
72057594037927935.0
72057594037927935.0
72057594037927935.0
72057594037927935.0
72057594037927935.0
72057594037927935.0
72057594037927935.0
72057594037927935.0
72057594037927935.0
72057594037927935.0
72057594037927935.0
72057594037927935.0
72057594037927935.0
72057594037927935.0
72057594037927935.0
72057594037927935.0
72057594037927935.0
72057594037927935.0
72057594037927935.0
72057594037927935.0
72057594037927935.0
72057594037927935.0
72057594037927935.0
72057594037927935.0
72057594037927935.0
72057594037927935.0
72057594037927935.0
72057594037927935.0
72057594037927935.0
72057594037927935.0
72057594037927935.0
72057594037927935.0
72057594037927935.0
72057594037927935.0
72057594037927935.0
72057594037927935.0
72057594037927935.0
72057594037927935.0
72057594037927935.0
72057594037927935.0
72057594037927935.0
72057594037927935.0
72057594037927935.0
72057594037927935.0
72057594037927935.0
72057594037927935.0
72057594037927935.0
72057594037927935.0
72057594037927935.0
72057594037927935.0
72057594037927935.0
72057594037927935.0
72057594037927935.0
72057594037927935.0
72057594037927935.0
72057594037927935.0
72057594037927935.0
72057594037927935.0
72057594037927935.0
72057594037927935.0
72057594037927935.0
72057594037927935.0
72057594037927935.0
72057594037927935.0
72057594037927935.0
72057594037927935.0
72057594037927935.0
72057594037927935.0
72057594037927935.0
72057594037927935.0
72057594037927935.0
72057594037927935.0
72057594037927935.0
72057594037927935.0
72057594037927935.0
72057594037927935.0
72057594037927935.0
72057594037927935.0
72057594037927935.0
72057594037927935.0
72057594037927935.0
72057594037927935.0
72057594037927935.0
72057594037927935.0
72057594037927935.0
72057594037927935.0
72057594037927935.0
72057594037927935.0
72057594037927935.0
72057594037927935.0
72057594037927935.0
72057594037927935.0
72057594037927935.0
72057594037927935.0
72057594037927935.0
72057594037927935.0
72057594037927935.0
72057594037927935.0
72057594037927935.0
72057594037927935.0
72057594037927935.0
72057594037927935.0
72057594037927935.0
72057594037927935.0
72057594037927935.0
72057594037927935.0
72057594037927935.0
72057594037927935.0
72057594037927935.0
72057594037927935.0
72057594037927935.0
72057594037927935.0
72057594037927935.0
72057594037927935.0
72057594037927935.0
72057594037927935.0
72057594037927935.0
72057594037927935.0
72057594037927935.0
72057594037927935.0
72057594037927935.0
72057594037927935.0
72057594037927935.0
72057594037927935.0
72057594037927935.0
72057594037927935.0
72057594037927935.0
72057594037927935.0
72057594037927935.0
72057594037927935.0
72057594037927935.0
72057594037927935.0
72057594037927935.0
72057594037927935.0
72057594037927935.0
72057594037927935.0
72057594037927935.0
72057594037927935.0
72057594037927935.0
72057594037927935.0
72057594037927935.0
72057594037927935.0
72057594037927935.0
72057594037927935.0
72057594037927935.0
72057594037927935.0
72057594037927935.0
72057594037927935.0
72057594037927935.0
72057594037927935.0
72057594037927935.0
72057594037927935.0
72057594037927935.0
72057594037927935.0
72057594037927935.0
72057594037927935.0
72057594037927935.0
72057594037927935.0
72057594037927935.0
72057594037927935.0
72057594037927935.0
72057594037927935.0
72057594037927935.0
72057594037927935.0
72057594037927935.0
72057594037927935.0
72057594037927935.0
72057594037927935.0
72057594037927935.0
72057594037927935.0
72057594037927935.0
72057594037927935.0
72057594037927935.0
72057594037927935.0
72057594037927935.0
72057594037927935.0
72057594037927935.0
72057594037927935.0
72057594037927935.0
72057594037927935.0
72057594037927935.0
72057594037927935.0
72057594037927935.0
72057594037927935.0
72057594037927935.0
72057594037927935.0
72057594037927935.0
72057594037927935.0
72057594037927935.0
72057594037927935.0
72057594037927935.0
72057594037927935.0
72057594037927935.0
72057594037927935.0
72057594037927935.0
72057594037927935.0
72057594037927935.0
72057594037927935.0
72057594037927935.0
72057594037927935.0
72057594037927935.0
72057594037927935.0
72057594037927935.0
72057594037927935.0
72057594037927935.0
72057594037927935.0
72057594037927935.0
72057594037927935.0
72057594037927935.0
72057594037927935.0
72057594037927935.0
72057594037927935.0
72057594037927935.0
72057594037927935.0
72057594037927935.0
72057594037927935.0
72057594037927935.0
72057594037927935.0
72057594037927935.0
72057594037927935.0
72057594037927935.0
72057594037927935.0
72057594037927935.0
72057594037927935.0
72057594037927935.0
72057594037927935.0
72057594037927935.0
72057594037927935.0
72057594037927935.0
72057594037927935.0
72057594037927935.0
72057594037927935.0
72057594037927935.0
72057594037927935.0
72057594037927935.0
72057594037927935.0
72057594037927935.0
72057594037927935.0
72057594037927935.0
72057594037927935.0
72057594037927935.0
72057594037927935.0
72057594037927935.0
72057594037927935.0
72057594037927935.0
72057594037927935.0
72057594037927935.0
72057594037927935.0
72057594037927935.0
72057594037927935.0
72057594037927935.0
72057594037927935.0
72057594037927935.0
72057594037927935.0
72057594037927935.0
72057594037927935.0
72057594037927935.0
72057594037927935.0
72057594037927935.0
72057594037927935.0
72057594037927935.0
72057594037927935.0
72057594037927935.0
72057594037927935.0
72057594037927935.0
72057594037927935.0
72057594037927935.0
72057594037927935.0
72057594037927935.0
72057594037927935.0
72057594037927935.0
72057594037927935.0
72057594037927935.0
72057594037927935.0
72057594037927935.0
72057594037927935.0
72057594037927935.0
72057594037927935.0
72057594037927935.0
72057594037927935.0
72057594037927935.0
72057594037927935.0
72057594037927935.0
72057594037927935.0
72057594037927935.0
72057594037927935.0
72057594037927935.0
72057594037927935.0
72057594037927935.0
72057594037927935.0
72057594037927935.0
72057594037927935.0
72057594037927935.0
72057594037927935.0
72057594037927935.0
72057594037927935.0
72057594037927935.0
72057594037927935.0
72057594037927935.0
72057594037927935.0
72057594037927935.0
72057594037927935.0
72057594037927935.0
72057594037927935.0
72057594037927935.0
72057594037927935.0
72057594037927935.0
72057594037927935.0
72057594037927935.0
72057594037927935.0
72057594037927935.0
72057594037927935.0
72057594037927935.0
72057594037927935.0
72057594037927935.0
72057594037927935.0
72057594037927935.0
72057594037927935.0
72057594037927935.0
72057594037927935.0
72057594037927935.0
72057594037927935.0
72057594037927935.0
72057594037927935.0
72057594037927935.0
72057594037927935.0
72057594037927935.0
72057594037927935.0
72057594037927935.0
72057594037927935.0
72057594037927935.0
72057594037927935.0
72057594037927935.0
72057594037927935.0
72057594037927935.0
72057594037927935.0
72057594037927935.0
72057594037927935.0
72057594037927935.0
72057594037927935.0
72057594037927935.0
72057594037927935.0
72057594037927935.0
72057594037927935.0
72057594037927935.0
72057594037927935.0
72057594037927935.0
72057594037927935.0
72057594037927935.0
0